1360  88
3307  2  5  6  75  92  111  148  207  233
686
1376  210
1914  162
3498  208
2088  163  204
3874  5  13  23  27  62  89
1769  241
2015  110  118
247  14  32  44  53  57  70  71  77  96  111  126  149
1655  124
21  150
4218  166
2010  133
3814  5
1850  40  103  177
297  30
258  169
3692  29  86  229
1141  244
3604  6  48  191
3281  83
2327  77  202
2005  122
2060  105
1129  6
1014  236
189  3  101  119  225  233
4233  43  87  90  91  98  104  166  185  201  204  211  219
491  31  83  97  165  204
4253  66
702  6
2588  150  178
3059  51
848  182
4314  38
2336  31
3820  65
3000  223  234
2048  50  84
1830  39
471  245
1358  135  157
1691  154  181
2966  38
3280  18  31  43  127  132  133  155  171  187
2259  243
3567  2  16  116
3324  126  153  224
634  33
3386  7  22  205
2313  147
4088
2975  26
2253  191
2353  15  214  219  243
596  15  86  116
4313  204
714  147
1444  121
3682  150
4303  27  55  56  64  75  81  94  101  129  141  154  166  168  190  203  229  242  246
1336  221
1114  29
2806  48  82  102
4248  35  47  83  95  113  133  164  169  173  180  189  240  248
3580  69  92  137  190  214  233
3620  39  77  81  138
1626  121
4259  87
1115  200
3858  5  9  18  41  53  80  87  89  92  108  121  158  177  192
2210  210
768  13
2294  7  49  61  84  154  207  215
136  18  39  54  101  104  111  196
3112  182  228
4123  34
211  79
3408  182
2721  86
2666  236
984  37  56
3512  20  150
1283  7  75  82  98  112  207
2044  201
2847  18
442  8  200  217
1040  191
3385  15
751  36  50  96  129  231
39  137
1423  249
1233  228
2894  161  185
2194  194
887  6
565  4  6  9  14  17  24  38  39  65  98  106  130  132  139  165  174  186  224
4192  82  199  220
3150  166
4027  46  68
3381  122
630  43  140  160  167  176
3886  215
2300  141
3077  193
3469  74  126
3053  214
269  4  42
1158  124
4031  22
1303  236
3656  29
1756  95  167  236
2330  21  36  73  74  116  119  121
3055  136
4177  5
1455  64
2398  13
4104  240
4260  18
468  7  20  22  24  28  31  39  40  46  48  55  57  59  61  63  69  83  95  97  104  110  112  113  114  120  127  130  131  133  140  147  149  151  154  156  158  160  164  167  170  176  179  181  187  189  194  206  217  235  236  244  247  248
777  200
3222  33
4403
1721  20  23  24  32  45  46  51  53  60  64  65  69  73  75  86  92  98  104  132  135  137  152  154  159  160  176  181  192  194  196  213  215  234  238  241
2593  53
541  127
2513  242
2097  5  39  45  65  84  85  98  129  207  220
1140  173  221  240
2879  149
1551  20
3401  88  186
397  94
1527  162
1740  189
3300  120
552  133
3664  101  136
1109  63
3711  189
249  204
2034  103
1362  51  86  110
2332  150
597  36  49  50  56  89  101  137  145  153  156  168  172  213
2505  154  203
475  150  154
205  206
1434  178
977  70
2102  241
949  194  210
1138  113  158
4158  3  15  46
1836  2  21  22  34  57  73  80  93  99  103  157  159  241
1683  94
2230  36  45  57  93  108  118
4134  198
520  7  11  12  14  15  26  27  28  29  31  38  46  47  55  59  60  62  63  64  71  81  87  88  94  95  97  98  107  117  119  124  129  138  155  156  160  169  170  173  176  180  187  190  207  210  211  221  226  233  237  238  248  249
478  243
2610  38  213
2064  22  103  131  185  219  221  226  232  245
950  150  180  181  197  216  234
1078  35
3922  129
2458  171
569  29  33  46  138  153  196  198  204  244
2754  142
2715  70
2200  116
4338  0  105
2261  247
3441  8  18  32  34  64  87  88  104  125  143  200  205  217  221
3311  203  232  245
604  74
65  57
1437  57
570  179
1524  8
1621  87
1697  62
3639  99  152
2033  21  30  59  63  70  72  73  92  95  97  98  116  119  125  126  138  148  153  155  159  160  167  169  170  178  181  185  187  189  194  210  216  233  244  248
3399  70
2673  59  222
4327  48
566  9  32  51  122  139  157  203  219  223
296  179  224
4397  158
3536  43
1474  55  90  96  153  184  185  208  235
1613  68  213
3565  15  172  218  228
2743  91
855  6  23
3057  18
1067  220
1916  128
2065  2  9  21  30  34  36  42  44  53  73  93  96  147  177  190  228
2390  9  16  41  78  93
2222  69  171
2948  186
1625  145
3968  216  218
2107  128  207
3911  232
1717  25  72  77  127  131  140  143  180  187  194  239  240
158  33  77
2849  171
415  241
3868  75  141  173  206  244
3625  61  65  98  106
3124  14  207  220
1852  6  16  18  21  36  37  44  73  89  93  96  108  158  177  205
2115  109
4109  68
2157  228
3937  67
2140  4  7  9  39  93  120
3468  175
1666  142
1938  6  21  36  39  57  87  89  108  117  132  174  191  217  218
1430  206
3187  36  62  73  74  93  99  108  118  177
87  89
2154  239
3829  170
3958  178
2445  208
3366  123
1206  126  156
3591  69
1588  200  206
1196  91
2881  227
2595  116  176
3527  230
1143  52
3784  171
3407  102  130  215
2708  227
2430  147  211
345  101  122  136
4083  198
1389  13  62  183  189
3730  234
4004  196
3954  0  1  2  5  11  15  16  21  27  30  39  41  52  55  63  75  85  89  96  105  108  115  132  136  147  165  168  177  207  218
3105  123
3879  144  145
2127  2  14  19  20  27  30  32  37  38  50  52  56  59  64  69  70  73  75  77  81  91  93  101  102  103  105  106  107  111  112  119  122  123  124  128  147  151  152  161  162  165  166  170  174  177  181  184  186  188  196  202  206  211  212  214  215  222  225  226  227  228  229  230  231  233  234  235  236  238  245  246  247  248
1750  38
1826  58
2316  31  73  160  210  248
3767  104  129
1817  240
4190  136
292  203
2762  241
4220  98
3360  24  39  77  83  113  114  146  162  167  171  194  217  223  242
1963  120
1280  215
1980  18  45  96  133  143  205
1512  135
3165  24  25  71  123  195  217  233
1201  27
1732  14  192
77  104
339  160
1070  181
763  112  160  199
3034  2  19  120
1377  218
1291  110
4144  99  145  152  214  238
593
3263  116
4335  31
3857  79  95
2819  69  84  96  106  107  122
1098  172
14  4  7  50  56  98  101  125  159  165  190  198  214
1543  8  45  71  105  108  113  143  152  153  156  157  165  205  231
584  13
111  172
4116  249
4029  51
2943  98
2082  9  12  84  88
360  153
2692  199
183  129
2684  94  199
4153  145
2992  175
2800  119  148  201  204
4277  61
969  63
103  135  228
3496  208
3456  4  19  20  24  46  50  81  86  118  125  137  190  198  233
2161  69
3584  157
1087  158  159
2070  200
2574  16  181  238
2863  205  243
2641  29
3742  127
1806  181  195
719  205  218
4275  3
3822  228
610  14  55  60  81  121  156  189  195
3804  225
4028  20
525  222
3585  241
1248  191
4191  20  69
3012  33
3178  143
2739  116  208
1771  26
4143  2
1950  73  186  188
1714  232
2436  33
1994  102  107  169
3849  71
1675  176
2757  25  40  42  55  98  107  128  141  161  172  224
3807  207
1164  163
1535  59  106  129  153
3655  2  57
3368  183
776  110  173  180  223  236
3631  143  155
704  175
953  217
305  3
353  245
1599  121
1093  60
1605  106
4209  226
4131  149
2531  212
3241  151  211
3660  167
1728  187
2789  148
1790  8  18  42  58  87  88  103  143  176  240  247
1542  175
3969  87
1561  229
4228  11  215  217
522  118  174  192
3982  53
2679  99
3884  10  26  47  48  56  63  69  75  81  85  89  100  106  145  146  148  151  155  163  164  166  167  170  178  179  189  199  201  211  215  216  229  237  240
1890  153
399
2478  193
4037  16
2255  240
2412  128  238
3959  19
3978  7  25  27  30  39  43  49  58  60  63  65  66  67  71  73  89  101  102  107  111  112  117  118  120  122  123  124  125  128  129  131  135  138  159  161  162  170  171  173  178  202  209  211  212  222  225  234  238  240  244
1171  50
4332  95
3191  13
3181  89  159  198
4086  145
3072  47  61  64  174
1197  22  134  144
4200  22
401  127  146
3246  226  232
102  125
3365  249
935  73  131  159  172  220
1062  181
1584  203
3826  161
1259  237
2820  38
343  10
1954  17  18  31  83  94  113  151  157  160  162  163  164  170  173  189  194
980  50
875  4  12  44  46  56  60  90  103  148  158  176  192  195  215
3535  223
3199  144
2864  18
3890  217
1755  189  211
3680  33
3630  24  29  33  43  58  75  77  104  110  113  115  130  133  143  163  167  170  173  177  181  183  187  210  213  214  220  227  228  230  232  234  238  241  246  248
2668  42
1008  217
147  216
2241  0  1  14  68  103  106
1071  144  222
1884  134  198
1882  0  1  8  14  15  20  50  54  58  63  76  80  82  91  95  98  101  106  110  119  133  148  184  185  186  188  211  226  237  240  247
2703  99  128  243
3992  77
945  8  50  91  118  120  157
1652  50
997  88
3413  182
4038  33  47  51  75  117  123  133  138  142  150  153  154  155  157  162  197  216  224  236
1213  26
3120  185
3837  67
2290  81
1108  0
257  41  177
1029
131  187
181  95  194
2388  9
2686  234
2546  26
3388  47  67  71  113  192
1569  33  43  142  146  219  234
820  132
2411  66
1321  58
1394  152
3574  38  156  204
8  211  225  248
1572  8
3788  71  73  209
2  179
1068  83  97  180  187  189  223
3914  129
1611  169  211  242
4302  212
1853  203
2298  241
3533  13
991  167
4377  13  71  132  165
2838  49  60  67  134  138  200
3572  246
3542  1  5  28  46  59  63  102  110  142  146  156  164  170  181  191  194  197  215  219  230  235  239
3006  128  167
1119  84
1746  133
192  143
2273  124
1052  3
248  49  134
1051  10  223
3226  11  89
971  5  6  12  23  44  56  61  65  66  80  82  96  126  129  132  149  177  186  201  208  212
2822  182  225  243
3109  42  65  168  172  188  215  222  232
1263  52  245
319  184
2296  41
1031  43
1639  35
2072  14  172
202  88
755  56
1  69  134  144  147  154  185  188  200  203  209
3780  48
113  181
3706  171  223
1926  213  215
99  78
119  16
544
3957  237
1673  175
4407  89
3491  9  228
4368  231
2062  52  181  235
2239  0  71  84  164  166  171  172  187  192  233  237  240
1891  68
3051  175
2503  148  161
1425  18
4399  88
3320  129  200
2402  114
3249  23
3522  40
2941  241
1946  204
3041  131
2319  117  187  221  225
2405  212
3429  144  220
947  12  16  20  72  92  104  119  122  159  208
1011  25  29  37  83  103  109  120  122  123  130  147  155  164  189  203  221  228  234  241  246
306  136
1798  98  136  149
717  11  61  65  70  75
2213  92
2232  25  40  72  103  105  112  135  145  160  165  216  225  234
2636  123
995  103  155  157  164  178  183  236
1102  7  33  159
279  52  120
3490  24  118  142
1363  144
3390  98
482  149
2108  120
223  155
2246  28  72  146  216
3017  32
2891  21  27  34  36  41  44  73  74  79  87  89  90  93  96  99  108  116  119  121  153  158  177  208  214
1086  114
2268  79
3668  151
2586  66  67  124
3851  119
3415  129
1608  124
430  59
1344  24  25  38  66  106
3842  85
1522  17  18  24  29  32  33  72  110  130  133  163  227  230  232  235  238
3336  129  161
3928  208
2284  69
127  6  55  63  102  117  124  187  189  197  216
151  4  16  39  42  90  105  132
2199  38  40  71  116  127  191
308  217
1927  234
563  178
2198  49  54  56  68  119  148  153  159
767  37
1489  17  40  180  205
1328  48  86  92  140  232
2105  46  68
4255  222
2493  4  11
3277  175
2832  7
3617  141
1777  189
1063  188  241
2053  145
1712  130
828  107
3699
4234  26  176  233  238
3341  31
4325  208
4003  30
298  122
3674  84  172  195  206
3638  37  99
4206  145
2510  82  128
2439  86  112  195  202  206  226
1881  26
1150  130
3740  98  151  172
187  27  40  96  103  115
3769  241
764  212  247
1043  64  78  103  106
1786  29
1741  71  146  232  238
287  26
3339  145
808  26  46  54
275  162
367  25
2824  117
3908  118
83  33
4150  56
1481  182
3568  134  214
2577  9  10  18  23  25  29  33  40  43  59  66  76  82  83  85  94  95  97  107  110  118  125  126  127  133  148  155  157  160  162  164  166  169  173  182  187  189  197  221  223  227  230  237  244  247  249
793  12
3986  175
443  51  58  229  231
1851  2  22  65  125  127
2890  223
1846  86
162  150  180  204
423  39  69  136  184
1993  101  127  155  161  203
4092  171
1323  77
3750  151  171  227  236
2775  54
302  172
3727  3
325  223
1162  138
3759  164  206  247
1463
1511  15
718  175
402  158
1581  221
518  245
3291  168  220
2270  234
3201  161
3085  1  3  4  12  17  21  23  25  27  30  35  39  41  45  50  64  72  82  90  98  101  105  106  109  112  113  115  116  117  119  120  123  127  130  132  134  145  147  149  150  161  165  176  180  182  184  191  195  197  201  202  214  215  220  225  233  234  238  240
2639  10  12  15  20  22  50  54  55  65  66  67  70  73  75  78  82  90  106  124  125  133  134  136  138  144  147  184  196  197  203  213  220  228  231  232  233  241  242  243
43  179
1329  135
532  175
4337  23
124  25  76
1929  47
744  3  28  40  49  142  235
1868  150
2164  175
2841  52  159
2862  124
3279  84
1249  210
3488  3  222  245  248
687  245
1757  158
220  171
4343  178
59  109
1620  7  12  58  95  140  238  240
696  82
477  202
3438  8
1822  151  208
238  204
2851  38  51  190  201
1279  234
141  144
3557  37
2450  2  19  27  36  53  57  69  92  116  184
36  193
2392  92
4378  17
2663  76  94  162  164  170  247
3696  214
587  25  94  150  166  168  195
2587  176
2452  248
2859  7
1695  53  229  242
420  70  246
1375  19
1142  12  76  123  134  141  172
3426  175
4390  117
626  57
2262  34
1931  82  99  152  204  243
2495  157  182  213
806  18
2123  78
1386  179
88  105  153  154
958  105  150
2339  34
2662  47  142
3547  27  38  50  56  95  117  160  162  170  173  223  232  246
411  226
3805  0  23  32  36  74  87  89  93  177
349  220
1194  55
1007  1  121
1085  21  58  85  91  94  109  126  145  166  177  224  238  245
534  66  145  168  235
4293  140
2383  236
1538  124
1019  58  78  82  109  154  181
4013
4128  242
978  35  110  166  236
2699  46
34  33
1128  70  115  199  220
3379  196
810  195
1587  19
1405  175
937  58  76  94
4061  20
4242  78
2770  209
3882  135
624  144
4115  168
4033  70  145
3247  58  146  238
3540  18
3537  71  138  139  148  159  186
3606  167
2900  1  27  40  41  56  64  103  106  147  233
3629  159
1097  8
3673  15  19  22  52  90  140
3965
620
4044  178
396  59
2501  148
2317  33
3232  0  23  62  87  108  118  158  158  208  208
1077  165
559  10  26  57  95  204  223  240
1903  20  26  123  178  207  213  244
4307  119  145
3962  51
4333  134
1555  14
1536  12  19  38  113  115  147  201  246
669  155
385  19  116  153  159  177  208  214  218  224
903  35
1461  216
2866  62
2650  60  182
58  1  41  149  218  222
1796  13  150  166  229
641  80  134
952  4  40
154  87
4148  114
4103  32  185
4323  3  5  7  12  13  15  17  20  21  23  24  25  28  35  38  40  41  44  47  49  51  54  55  56  59  60  62  65  68  70  75  77  79  82  88  89  94  103  112  123  125  127  128  130  132  138  139  141  142  149  152  154  156  161  168  176  179  181  185  186  197  201  202  209  213  215  217  222  225  226  228  232  235  237  238  243  244  248
1550  18  58  76  118  120  128  142  169  229  247
4290  101
3840  137
723
194  165  211
4052  67
2944  8
4250  6  9  13  19  22  23  24  39
1016  21  22  23  34  45  62  73  76  89  96  99
698  174
1179
3966  179
2240  56  168  242
2286  215
4284  122
1949  5  9  41  54  65  76  82  85  117  119  154  157  171  179  235  244  246
3634  34
230  17
2678  59  167
463  11  151
3321  133  169  178  180  187
331  47
1333  87
2709  239
4121  26
761  36  134
381  212
3176  73  188  197
450  25
2580  182
1997  3  48  60  68  111
4181  25
307  11  28  31  113  142  204  239  246  248
3846  34
2889  174
4321  200
591  71  144  181  203
3014  140
2790  159
2179  29
3658  72  175
4261  38
2724  184
842  200
1202  69  111  196  209  222
846  171
3775  4  11  13  21  39  41  42  45  86  136  137  147  157  165  177  196  215
239  20  25  48  51  56  65  75  100  133  138  156  164  219  225  249
322  150
4001  130
428  219
1514  105
3526  176
1369  9  183
2404  31
3152  26  56  60  61  62  77  85  98  116  132  177  183  189  208  224
3543  77
1540  171
1942  136
3099  145  202  208
4385  12  128
3476
3243  48  56  138  146
507  135
621  67
1839  184
1355  203
449  94  100  170  220
3525  172
182  223
664  47  55  60  63  113  124  151  165  166  219  225  233  235  238
1161  124
3329  219
3795  70
1073  143
4074  246
3049  15  44
1304  162
2842  190
2957  163
2801  223
3587  231  235
7  131  210
3129  97
467  227
3066  185
1134  1
3556  10
3095  25  49  79  100  156  163  173  186  227  246
379  61  77  80  81  90  103  104  199
117  51  54  58  86  104  131  150  195  206  208
2907  38
1909  127
177  107
760  80  165
351  130
1257  181
2869  13
627  157
4043  127
2385  15
376  193
1745  59  71  98  111  207  225
780  18
4114  102
2519  80
2523  241
2529  83
3544  118
2133  58
2170  69
2784  123
3703  195
3436  116  183
3878  22  199  226  232
906  214
1568  1
3264  130
1982  38
2092  130
2963  242
3171  70
2796  108  121  153
1012  117
4340  59  62
213  239
168  95
2279  40
917  25
2623  121
73  13
2522  223
2913  2  14  23  34  93  191  205
3869  29
2584  167
501  40
2882  33  226
2469  117
3036  106
3765  247
3028  14  19  46  52  77  115  165
35  79  80  130  165
3312  141
859  81  147
2293  178
1549  37  90  105
2540  37
2306  175
4146  24  62  88  95  100  110  119  127  143  230  248
1064  201
1860  4  34  36  41  73  74  79  89  93  96  208
441  50
2557  136  244
2655  125
2036  136
1598  212
3828  182
2449  169
573  139
3605  227
3079  185  228
2954  8
2216  169
1933  217
32  63
3446  214
1775  69  230
1167  123
1251  231
118  135
512  164  229
2396  123
4172  124
4272  87
3463  173
2414  74
152  53
231  29  32
822  175
811  158
4021  92  200
4126  54  207
1964  6  7  15  16  17  19  21  26  27  28  40  42  49  51  53  54  56  59  61  64  65  73  76  83  88  89  101  102  115  117  119  120  125  132  134  136  137  141  152  158  161  165  170  185  188  189  195  202  203  207  214  220  224  225  229  234  238  243  245  246  248
2265  226
3628  9  42  87  93  208
3275  125
1120  101  115  242
556  117
2949  2  55  58  92  94  105  119  161
352  40  188
1699  175
476  82
3607  115  120  145  233
3019  43
1637  37
1184  246
4230  108  205  218  243
3394  175
3678  1  11  14  15  19  44  52  73  90  105  121  185
2744  151
3297  12  49  54  61  186
2139  182
95  24  91  92  96  104  132  156  184  208  213  231  233
661  161
2638  212
2334  163
3974  174
1612  205
1969  2  36
1485  226
2269  13
886  79
3286  3  16  37  38  47  49  115  128  133  136  161  197  198  227  237  243
3764  97
2119  3  56  71  186  220
1260  237
4308  10  44  97  103  146  166  187  204  210  221  234  240  247  248
3266
1079  89
3200  143
1387  84
2995  48  76  94
3896  42  51  74  75  86  91  103  105  129  139  141  145  159  163  181  188  203  226  231  232  244
282  23  185
707  196
1906  215
221  73  82  99  128  145  152  186  188  238  243  247
1145  69
3588  207
936  217
4288  181
1347  49  51  161
2601  166
1464  31
590  35
2547  98
30  41
4101  72
1828  11  12  77  90  103  108  139  185  191  208  214  218  226
925  193
1383  79
173  23  29
1762
788  123
3731  2  25  72  77  94  102  105  107  111  122  131  146  173  180  189  211  219  227  240
758  59  127  148  213
140
1308  2  15  19  21  22  32  34  70  137  141  157  203  209  226
2988  26
4320  11  12  19  22  34  37  61  74  89  123  137  165  186  190  196  198  235
3102  205
1002  133
1800  144
2275  146
2955  159
2081  11  14  19  26  27  28  30  31  32  42  50  52  53  55  57  59  64  76  77  81  86  89  101  103  116  122  124  137  141  144  148  149  150  153  154  156  165  166  177  187  188  192  198  202  206  207  208  210  214  216  221  228  231  245  248  249
733  35
3495  57  67  144
513  133
2305  85  102  107  128
1886  220
378  79
2172  198
1382  73
3322  2  130  241
23  205
647  131
417  192  236
1211  14  162
3224  12
1898  93
901  135
800  76
2906  31  70  193
1958  40
172  3  9
1449  120
2682  79  161
2598  157
1465  105  119
878  225
2209  133
4045  243
4213  209
1531  66
1774  27
1256  51
3344  120
4232  128  216
883
2370  78
2003  47
3998  6
2446  170
224  180
891  239
1735  3  65
3210  77
3021  55
2387  18  48  78  88  90  113  131  133  143  157  162  171  183  194  195  207  223  246
3575  114
4395  0  5  6  11  12  16  20  21  25  28  38  40  41  42  46  48  51  58  64  66  75  82  83  86  95  97  100  102  103  109  111  112  113  116  120  121  124  126  141  150  157  166  169  170  177  178  180  181  187  189  194  195  197  201  204  207  210  211  214  216  219  224  225  234  238  240  244  245  246  248
2373  2  5  52  56  69  104  138  147  242
236  38  111  196
3549  19  24  218
2049  10  29
961  143
3287  8
1715  0  3  7  12  30  54  69  70  80  81  85  104  149  188  199  226  232
3248  121
3741  179
3278  227
1066  83
2337  30  32  53  64  84  100  105  124  130  132  140  180  186  220  227  237
1930  52
121  84  107  109  126  231
375  164
1126  172
616  160
1341  62  103  127  179  207
535  67
1875  28
2558  136
4073  10
2618  5  21  89  228  241
881  29  221
2308  69
153  87
2885  212
364  15
4064  215
3507  18
894  20
1957  212
3515  100  101  115  132  163  229  246
2018  138
3160  0  57  62
1576  1  218
2607  19  88  186
1302  117  225  230
82  31  66
3936  5  15  32  44  46  54  58  61  161  187  190  228
2592  43  150  187
1468  131
2996  120
2559  59  148
2348  190
1748  52
97  53  157  195
2773  135
1275  44  208
3916  237
2129  245
578  94  105  200
4266  107  152
347  121
3902  47
2840
3977  206
3314  132
1702  182
2037  164
1072  212
1214  30
2329  5  38  54  85  109  121  161  166  188  222
2165  122
4329  8  10  12  14  17  18  23  24  25  29  35  40  43  63  67  79  81  88  94  95  96  97  99  104  109  110  113  114  117  118  126  127  130  137  138  139  140  142  146  149  155  157  160  162  164  168  170  171  178  179  180  183  187  189  190  191  192  194  204  207  210  213  216  217  219  221  223  227  230  234  240  246  247  248  249
1999  38  65  76  119  122  179  236
315  102
3211  40  55  234  235
1139  15
426  37
3747  66  143  180
3151  47
1922  210
2432  54  144  146
2853  53
4100  8  79
2371  176
278  30
2814  145
3979  243
15  21  50  52  55  56  61  100  103  111  138  145  181  190  195  201  211  248
1575  97  197
3845  0  2  3  4  8  11  12  13  14  16  20  26  29  30  45  46  54  58  59  60  61  62  64  68  78  82  83  84  91  92  98  105  106  109  123  126  130  132  140  152  158  159  164  165  176  177  186  189  198  207  215  218  219  231  233  245  248
108  244
1307  40  79  131  199
1299
333  71  147  180
2997  95  143
1979  17
3601  0  1  5  7  26  34  46  48  61  62  64  65  66  68  70  76  77  84  85  91  104  105  112  113  115  122  127  128  134  137  140  150  154  158  162  165  166  169  174  177  181  190  198  199  200  218  225  229  231  242  244
4202  241
2707  182
732  4  211
852  204
1874  172
3335
2344  75  86  100  203
2007  75
1973  6  9  19  39  41  93  108  185  208  211
62  115
3081  243
3190  175
1273  243
1229
2645  178
4119  31  38  47  95  101  160  164  180
2910  106  205
3925  60  63  141  211
640  59  102  155  178  189  223  241  249
1116  4  13  37  41  89  130
1409  131  180
3700  7  16  68  139
3089  7
3825  39  75  103  122  141  166
809  4
166  106
3177  184
2324  140
481  102  107  115
2926  176
190  59
2817  12  205
24  89
3806  12
1264  0  15  36  38  41  62  89  99  108  158  217
3997  16  55  115
2057  148  183  228
816  249
4406  26
363  55  117
3038  182
3302  133
145  93  169  214  245
75  53  136  229
2134  45  50  61  86  92  112  163  195  199
847  47
4185  135
716  172  228
4208  134  138  144  154  190
3058  88  168
533  139
1397  51  141
2227  231
1337  236
3301  125  138  195
3981  205
3677  188
383  167
2422  80
1669  182
3223  26  95  197  240
3460  214  224  245
3364  146
129  138
1276  83  162  178
2633  161
4396  69
3787  18
4026  147
2713  235
567  22  64  229  245
3122  105  176
2325  171  235
542  149  197
3  35
3721  228
2448  239
2315  9
487  213
2567  13
2235
218  29
4225  107
3492  30
2815  248
4082  41  116  174  177  214  224
4289  33
4040  149
3483  68
864  160
1286  33
1710  21  99
2205  169
3932  220
2454  211
1845  30  36  42  52  74  77  79  93  136  162  208
1985  48
603  127
3548  102  104  200  209
3157  227
2717  109
3196  149
3451  130  140
473  44  195
1505  75
41  179
3907  13
1165  200
229
1596  235
2581  93
100  93
125  93
1440  196
2006  129
1112  56
3509  11
3022  128
1408  162
3141  64
4147  5
176  150
3867  2  4  6  14  15  19  23  30  39  46  48  49  54  64  70  82  84  90  109  112  115  126  128  129  131  152  154  176  177  184  199  209  212  213  222  229  245  247
4097  17
12
691  160
48  2  16  103  132  153  174  218
2197  213
1390  18  185  209
2032  18  220
479  4  8  108  122  135
546  0  4  6  9  37  39  57  90  93  115
4322  207
2071  125
1182  59
4382  244
2055  17
1089  37  45  63  64  68  72  83  94  109  126  160  164  189  240
1924  91
802  12  17  50  51  53  57  59  64  119  125  134  136  153  195  199  203
2011  16  34  36  41  42  57  62  87  108  116  121  208
485  121
1301  39
3671  202
2972  69  117
2884  37  60  88  157  183  212  217
3988  134
1811  3
4278  45  72  155  164  181
2106  237
3289  204
260  59
3007  82  129  180  206  229
1037  35
2027  92  112  129  131  136  196  212  215  226
3362  207
2621  88
106  2
1877  140
335  142
2338  68
3377  141  177  229
3686  0  42  68  77
504  67
2571  7  112  185
199  237
1844  148  213
851  75  171
954  25
301  77  110  199
179  175
1429  74
2000  230
290  80  200
1343  181
750  78  237
2335  22
2125  35  125  146
4381  91
868  94  124
964  5  14  20  22  32  36  51  72  156  184  190
3186  28  83  97  117  133  155  163  164  167  169  178  187  221  234
2444  172
1733  121
1038  34  74
327  3  4  121
492  70
2352  131
1133  17
1565  21
2648  141
2873  28  49
2908  67
2659  26  148
3101  151  192
2858  240
4166  234
922  139
1913  189
2361  176
250  244
170
2419  33
4330  202
2561  63
1146  227
3486  111
773  102  198
3452  1
2347  143
1443  22
1203  27  82  85  126  188  207  247
104  13
1421  3  4  11  15  49  56  60  89  103  119  156  159  232  246
692  222
1631  79
320  43  52
1396  181
4413  157
3888  190
4165  244
355  241
171  123  130
2719  134  195
666  247  248
3799  40
3274  57
2632  79  237
240  43  56  138  217
2896  62
243  197
1832  37  139  167
2737  95
1354  167
4132  85
526  1  2  39  41
928  171
4067  51  184
3310  100  228
2151  161
3991  1  58  150  156  213
921  212
2237  16  128
1781  11  45  61  69  84  90  137  139  190
3170  3  19  116  158  218
2952  11  15  72  112
160  80
3114  15  30  41  65
3458  20  113
2421  188
4071  32  45  109  126  174
1580  130  179
4002  40  191
4257  14  19  42  137  145  195  207  214
2524  138  182
867
3724  94
3479  107
1413  59  116
3172  35
1752  32
4296  86
1406  210
3722  84
1897  45
2002  158
1744  4  10  21  35  39  66  70  83  86  101  110  113  130  139  160  164  170  180  187  189  204  206  216  225  246
3640  4  24  62  119  130  153  179
2683  61
2788  167
1660  143  202  235
437  68  104  109
4046  80
2947  0  37  45  80  91  132  196  209
3920  58  159
2429  116
1548  22
4235  15  23
3391  199
1680  249
3392  243
10  109
2563  109
2426  47
2349  9
1187  3  5  44  45  92  152  185
348  193
731  184
1876  9
22  164
1988  23
1734  0  5  7  11  20  24  34  35  41  44  52  62  69  79  87  89  90  96  99  108  116  119  121  143  157  158  177  190  193  195  208  214  218  228  241
1665  42  58  78
2528
2046  0  2  4  6  17  19  21  32  34  36  39  41  42  45  49  52  53  57  60  62  70  80  90  93  98  101  108  116  125  135  147  157  177  196  208  209  214
2899  8
2484  9
369  142
1765  36
3283  249
3397  135  195  203  228  242
3956  16
1195  81
2860  23
860  225
3402  196  219
3295  51
2892  122
321  4  6  9  21  23  89  196  214
2496  178
1240  151
1095  213
2357
1995  10
2083  101  125
2710  157
3010  17  36  47  48  67  186  200  206  222  232
1677  169
1713  29  193
2141  175
2470  128
1074  202
1083  19  37
4383  50  106  135  145  154  161  168  199  245
2026  13  16  21  36  39  41  45  73  74  87  90  93  96  108  116  121  125  153  157  177
20  67
4267  185  212
74  30  89  208
1155  42
1787  24  53  119  177  180  189  211
1427
2041
241  84
839  157  225
2126  248
3450  82  99  128  145  152  214  238  243
3065
982  145
3813  107
557  107
4085  135
1545  206
454  69
1075  205
2328  12  16  45  46  90  233
2416  43  146  192  239
2605  106
3254  85
207  208
484  152
3864  232
1724  10
1529  102
3650  9
4392  109
332  135
4414  80  81  103  106  198  201  237
25  213
1318  77
1124  230
16  87
387  133
3075  248
1779  1
2705  126
2647  181
4280  7
1523  107
4236  38
1366  79
3802  10
2738  106
3595  8
2940  145
4282  59
233  18  23
1661  68
3839  224
3398  98
4301  193
3823  35
2343
2990  47  57  156  171  206
1947  37
3830  114
1604  29  43  54  97  148  151  210
3592  135
3063  194
4262  134
1144  182
435  5  6  21  89  108  119  228
1816  175
4017  58
3597  22  28  112  218  228
1153  17
2035  2  4  8  45  49  50  52  69  74  84  86  98  101  106  139  165  190  198  202  233
2750
2096  231
4106  191  196
2958  24  37
1501
3400  212
3163  75  135  202
1050  147
3940  178
779  106
225  47
929  241
4068  136
4387  53  55  57  154  231  234
970  198
3303  31  51  63  66  104  117  141  142  154  216  249
2794  114
4334  196
265  234
657  2  153
3771  8  217
2099  39  40  41
2600
1296  234
2787  142
1215  134  161  218
3589  148
461  207
3271  39  108  121  205
4098  160
3646  9
3570  200  220
2544  175
256
457  100  125  163  190  217  223  231
4309  58
1327  173
2886  21  28  83  86  96  115  126  131  140  152  170  178  187  195  236  240
3169  65  138
93
2554  64
2192  80  134  188
3594  193
1509
3761  117
4354  131
134  20  218
2792  188
3797  161
1105  65  69  80  181  185  209  243
3138  3  79
3835  204
1297  11
3442  66
1379  145
1017  28  44  48  54  65  80  113  150  188  197  229  237  248
1224  56
133  193
2772  110  172
1322  223
611  99  128  243
3119  44  91  103
1701  194
3960  22
300  63  64  97  140  160  186
222  220
804  17  117  159  197
2112  207  215  245
944  193
938  4  72  76  121
4039  28  81  84  146  162  164  183  187  211  218  239
4162  45
3078  87  137
1316  183
1729  124
1895  182
911  4  12  40  48  111  126  139  176  189  202  207  215
3812  239
1272  235
1802  247
436  134  144  184
2425  33  167  192  237
976  19
3024  142
2153  243
1346  15  28  32  38  44  51  55  82  101  113  129  134  154  196  220  245
746  3  14  55  233
3139  3  9  192
3403  221
3439  49  50  98  102  107  113  131  145  148
550
3133  36  41  93  96  108  228  241
890  106
410  157
2472  58  72  91  106  138  140  164  179  241
2597  11  12  19  24  36  37  52  65  77  86  98  130  165  177  185  201  233
1412  200
1407  220  224
2489  94  177
3465  161  220
1510  36  116
3372  10  35  216  221
1953  4  14  20  25  26  34  43  48  52  58  59  72  74  76  87  89  95  97  98  104  110  118  122  139  142  146  149  155  162  167  173  178  185  191  194  197  201  207  210  211  223  226  230  236  240  244  245  247
574  184
3876  2  7  25  31  32  38  49  50  53  61  65  69  70  75  81  92  100  112  130  141  150  163  168  170  181  184  188  192  201  203  209  211  215  216  224  234  235  238  242  244  247
1265  21
45  40
1048  56  100  122  214  237
186  59
1975  120
3309  8  10  18  21  28  30  33  34  47  58  62  66  83  84  95  106  110  118  122  127  133  142  143  146  155  158  162  164  165  170  171  178  180  183  187  192  195  204  210  214  216  217  225  247
2277  1  2
2991  71
2545  83
0  33
2977  144  200
572  215
1936  80  168  207
2795  175
987  89  176
1737  0  1  5  9  11  12  15  21  22  23  28  37  49  54  55  59  60  68  74  82  85  86  92  96  106  109  117  122  126  128  129  139  148  151  166  173  180  189  192  194  197  212  225  231  233  239  240
3563  98
3779  43  124  142  160  165  191  227
2399  232
2021  63  199
4408  146
884  6  8  10  11  13  18  19  23  24  27  29  30  35  43  63  71  74  76  77  79  80  81  82  83  84  88  94  95  97  100  106  110  111  113  114  122  123  127  130  133  136  138  143  145  146  155  160  162  164  170  171  173  176  178  179  180  187  189  194  197  210  213  217  223  224  225  230  231  233  234  240  246  248
1893  158
4096  13  149  156  222
1656  114
2025  0  12  13  46  54  91  129  136  140  152  190  191  202
3841  182
3194  178
1848  190
999  61
4055  234
521  14
392  73
787  51  93  209  223
2589  97
4034  171
2206  141
3662  31  249
4373  175
1662  58
4380  193
2517  81  89  96  137  212
1476  98
2147  156  222
3499  135
3192  18
424  139
1042  200
4127  235
1547  17
2986  19  45  70  76  147  162  203
2931  33  102
1132  194
1433  77  212  242
459  26  73  95  117  156  195  206
2084  51
1939  40
409  67  151  241
3481  223
1237  8  47  59  109  112  115  130  143  150  171  176  206  212  227  234  240  244
4186  201
1480  79
3142  72  96  226
425  27
577  83  178
3284  77
598  55  60  69  70  86  94  101  141  161  190  196  198  202  203  222  229  247
1499  229
2247  121
2937  110  140  142  151  162  171  178  194  197
3318  193
3707  55
1294  84
3748  222
2569  135
4167  17  25  35  47  73  99  102  109  114  133  139  140  183  204  211  233
1290  41
774  76
2013  83
1157  67
818  102  119  124
2358  154  206
4056  246
2763  241
3667  11  15  28  58  74  102  109  126  146  172  180  197  233
3941  137
738  193
6  22  41
1532  32
1873  193
246  245
1978  5  7  13  16  21  26  27  42  44  48  56  58  60  61  65  73  76  77  78  80  81  82  109  128  141  153  156  159  161  163  166  168  191  204  215  220  231  244  246
262  136  226
749  71  72  101  113  201  231  235
3627  111
2128  172
854  37  47  66  95  99  130  140  151  171  172  197  240
3506  0  14  22  203
2009  11  85  121  122  130  146  157  165  201  216  218  224  241
3153  59  77  84  92  148  155  169  209
2461  135
4370
711  198
359  92  104
4022  51
908  35
2843  193
3228  39  57  116
1403  19
1331  4  61  202
877  15  55  128  220
2730  8
1883  131
4291  0  116
1204  18
1311  83
1856  32
4357  82  238
3653  150
2835  191
3831  86
2150  172
1069  69
857  48  94  135  196
2162  99  145
3423  32
1172  36
2712  40  60  71  72  112  154  166  215  244  245
1615  218
2488  59  68  131  242
709  187
644  20  28  30  35  59  69  83  103  150  161  171  183  189  243  246
2248  9
1152  123
3149  121
1277  1  5  23  27  30  42  51  55  64  71  77  88  92  107  115  122  123  131  136  177  180  191  212  218  223  229  233
3387  127
3819  32  50  53  190  217  218
2552  40
4362  158
2726  11  46  76
357  29
3444
96  3  4
3708  26  128
2280  171
2226  183
1490  43
1981  7  72  103  148  201
739  172
3317  55
2080  241
2050  115
2142  127
1971  200
2480  70
2121  131  198  246
905  221
2805  6  14  27  38  44  48  58  70  76  80  91  109  111  128  150  156  161  166  199  201  212  226  232  233  247
3184  146
2417  233
895  26
924  148
4216  38  116  174  207
3610  53
3422  234
3577  244
972  30  49  74  75  98  116  131  202  224
4376  37  99  205
3558  193
3447  200
932  4
3768  120
1365  22
1207  105
2693  17  75  95  102  128  148  180  225  237  243
3790  28  49  53  78  82
3096  129  247
1880  84  144  226  245  247
3733  171
2969
673  104
3987  243
1049  75
623  67
1169  219
1945  198  214
3833  28  38  45  59  67  85  111  141  195  215  218  219  226  231
2101  37  164  239
2460
540  113
2208  167
2017  101  149
3207  103
3016  14  22  30  36  73  81  86  159  190  195  198  202  209
1349  57
2664  66
138  88  137  146  183  194  213
1436  115
3343  10  78  102  122  130  170
2274  71
2440  15  61  85  225
4244  117  127  192  236
276  125
2215  135
4014  57  89  102  107  134  136  190
3118  72
3921  147
831  28
448  249
1183  158
3720  2  106
2321  162
796  8
681  222
2228  19  42  50  55  69  70  71  93  101  106  118  125  130  137  157  158  159  174  190  198  208  214
3984  215
2976  28  124
639  99  243
3945  121
2042  17  139  205
3843  1  17  25  39  40  45  49  50  51  61  65  85  103  106  107  111  115  120  122  123  141  150  154  161  168  174  185  196  204  209  212  231  233  242  246
84  238
502  51  66  105  106  125  134  136  171  176  244
3050  205
2604  151
3219  35
3900  123
1553  222
505  3  7  11  28  40  65  72  82  90  112  204
582  43
747  27
1401  22  139
318  150
1250  17
3541  73  112  198
3615  3
3772  1  136
3714  154
1269  172
2904  102  237
184  25
1244  74
3123  168
3734  28  97  141  194
323  78  197
2525  100
1222  245
1241  244
765  48
340  168
1645  214
2535  149
1671  32  44  53  56  57  79  109  130  145  150  169  231  242
3873  241
2575  90  100  163
2932  238
3705  29  67  192  221
2895  202
28  136
311  30  72  120  139
2619  154
1219  91  101  196
3619  139
1289  13  110
4404  78  101
2391  87
2848  162
2761  23  88
701
4205  117
635  209
2867  106  176
112  247
931  0  2  25  59  60  84  91  94  100  101  117  121  129  142  150  161  164  170  173  179  189  193  196  197  198  201  211  224  225  234  236  240  248
4276  207
2132
1486  114
2479  196
1367  183
1278  200
682  5  38  61  64  103
1803  107
4421  166  169
3470  7  11  14  19  20  25  26  28  29  32  38  40  42  44  45  46  47  51  53  55  56  59  60  64  65  74  75  78  82  85  86  88  92  94  96  98  104  105  111  119  126  128  131  141  148  150  156  163  164  165  166  171  179  180  195  201  202  203  204  206  207  218  219  222  225  235  245
511  156  232
1583  3
330  226
439  40  104
3370  40  88
3745  188
1451  172
637  241
3098  24  35  113  183
748  15  50  52  53  78  134  137  144  147  156  184  190  232  233
2086  228
3596  3  131
2487  67  76  81  115  119  197  219
4188  118  122  146  158  219
2929  32  43  68  122  138  152  187  203  204  237  244  248
819  102
3027  18
3855  15  197  247
1783  39
2409  201
3801  91
1345  35  200
1577  172
531  97  160  210
2874  35
509  239
2994  191
1326  205
4024  179
2497  32  36  134  184  190  200
3002  150
2085  136  194
3032  2  127
4339  15  24  36  38  41  61  77  96  104  113  122  128  134  143  144  163  199  242
2144  142
1044  67
3545  25  27  68  165  191  198  211  230
2375  97  235  249
807  213
1915  144
2504  161
2100  38
734  20  100  111  139  150  168  186  218  222
1972  231
994  5  50  69  84  93  101  120  138  145  148  149  156  184  195  196  199  202  214
4060  18
2066  17  162  236
4346  120
651  107  124  180
975  197
3710  112  201  206  244
3642  74  84  238
76  175
1559  64
608  235
2004  0  3  6  8  23  139
699  118
2656  53
727  24  72
3212  41  51  58  115  150
4118  227
658  86  184
968  78
3327  4
499  27
2171  73  99  152  243
69  158
444  120  139
1151  8  37  73
201  173
3417  206
4274  137
2615  10  24  39  43  66  83  94  99  100  102  106  107  118  122  124  133  137  140  155  157  158  160  164  173  176  180  187  192  216  225  227  239  240  241  249
27  172
1475  135  144
805  244
3624  26  98  114  122  150  160  248
2087  117
1628  185
4252  60  144  206
3203  178
2797  16
234  31
2752  135
1809  0  13  16  23  27  62  116  143  192
3521  1  77  108  116  132  153  159  177  218
1221  245
3530  203
1610  31
3108  240
1159  109
1520  17
2249  18
4197  172
3600  212
3285  8
2777
2218  7  12  18  20  24  25  26  28  30  32  34  35  38  39  40  41  44  45  46  51  53  54  55  56  57  58  59  65  71  74  75  78  82  83  84  88  94  95  97  98  100  101  103  105  111  112  113  114  115  117  118  119  121  122  123  125  128  129  131  138  140  141  146  147  148  149  152  153  154  155  156  159  160  161  162  163  165  166  168  173  174  180  181  183  184  185  186  192  194  195  196  199  201  202  203  204  206  211  212  214  216  217  223  224  225  226  229  232  236  238  240  242  244  248
2786  6  13
3735  243
466  6  22  179  243
1539  140
395  6  41  54  70  123  125  127  147  181  234
3789  16
4223  185
4204  63
654  169
4032  136
342  9
1706  49
2067  116
81  25
3695  227
784  54
600  241
446  150
757  188
1766  120
1166  120
1633  128  149
838  234
1820  19
2570  203
1300  202
2534  139
480  44  79  90  96  99  177  190  208  214  218
3657  62  100  110  173
316  0  7  54
1226  84
1515  119
2556  39
1517  167
2758  141
4129  184
910  61  134  148  165
1560  205
3198  74
2768  56
1674  50  52  172  184  218  231
4016  23  27  38  48  111  112  118  127  129  130  132  136  181  186  199  238
1024  30  85  174  244
1571  149
4273  203
2424  16  31  33  152
2731  84
412  37
4160  28  58  246
4231  184  190  224
2870  42
514  44
3980  207
4019  129  139  212
2694  182
1320  124
157  94
122  19  104  132  224
2813  10
2423  165
2159  151  209  246
766  23  59  63  74  122
1338  193
3709  175
713  120
2117  122
4316  191
1795  202
3821  35
1784  116
2698  200
1684  234
180  239
1700  175
1791  16  24  42  49  52  56  58  75  94  121  133  202  218  222  233  247
1046  146
814  229
3538  11  24  25  33  38  39  44  47  59  63  79  83  95  97  101  102  107  113  115  117  122  124  147  160  161  162  163  166  167  169  170  172  189  191  194  197  199  206  210  216  219  223  225  227  230  240  248
3951  217
1863  1  2  4  7  8  9  10  12  13  14  17  19  20  21  23  24  28  29  30  31  32  33  34  35  36  39  40  41  45  48  49  50  51  52  53  56  57  59  61  62  63  64  66  68  76  80  83  84  85  86  87  88  91  93  94  95  96  97  98  100  106  109  110  115  117  118  120  121  122  126  127  128  129  130  132  133  134  135  137  138  141  142  143  145  146  147  149  154  155  156  157  160  162  163  166  167  168  169  170  171  173  174  178  180  181  183  184  187  189  190  191  192  193  194  195  196  201  203  204  205  206  210  213  214  216  217  218  220  221  223  225  230  231  233  234  235  236  237  239  240  242  244  245  246  248  249
3827  79  213
67  35
3348  175
1872  75  138
3326  7  58
2635  23
1823  177
3461  173  189  192
1854  227
3681  91
2094  1  2  5  11  12  15  21  22  27  34  37  39  41  44  45  46  49  72  76  81  92  93  103  105  119  120  224
1467  121
2309  183
2626  173  220
3137  144
1176  50
3694  121
3955  47  118
1395  95  146
4227  61  198
4142  17
3083  120
2764  179
3130  143
4145  136
2367  192
3623  105
1173  144
3866  129  188
1961  40
792  229
66  56  83  97  110
547  17
4054  205
2186  44  116
2793  55
94  17  32  38  58  140  154  166  201  223  224
1106  184
2631  0  3  20  45  72
803  141
2930  127
2181  228
2676  35  100  110  121
1912  26  230
413  57  73  85  132  174  201
2646  69  246
404  245
1199  185
1879  28  63  70  83  95  97  113  169  187  189  192  224  239
2680  195
159  101
1209  9  72  218
1590  232
2583  13
4306  210
4207  52  177  214  226
406  34
2669  26  105
214  151  194
2831  234
3125  249
1921  134
465  86
3654  228
2056  102
2456  17
2660  26  30  36  45  50  53  57  68  163  197  209  242  247
3612  63  128  142  143  148  157  160  162  189  192  249
4317  104
2902  75  198
13  95
2613  28  228
4264  63  142
26  221
1855  217
344  41  81  122  181  188  235
986  1  2  45  121  208
3253
281  74  162
1460  169  186  236
3762  3  16  28  85  90  201  220  231
1262  21  41  147  166  243
3693  79
2804  69
4305  120
1900  127
1502  170
2533  24  68  110  222
3904  143
4222
1006  154
2138  165
915  29  31  44  55  57  59  60  73  92  104  111  131  140  141  146  148  154  155  161  165  185  188  194  201  221  236  246  247
1814  221
617  172
3501  86  249
2136  29  75  115  131  138  140  153  155  157  171  245
1428  43
148  27
979  1  24  27  30  52  90  92  96  116
3524  145
142  162
2012  46  140
114  108  179
2103  156
1482  153
558  118
812  46  50  56  101  163  201  203
1470  227
720  241
519  211
1419  157
2861  10
2242  241
2278  155
555
1175  245
3990  183
3457  241
1447  25  133  140  147  153  163  180  189  194  211  236
3838  157
2182  243
1399  227
1618  227
3128  40
863  122  179
2911  9
2074  249
356  249
833  129  209
955  223
1986  119  205
2921  179
3689  193
4169  143
3298  190
497  153
2973  130
782  45
3272  29  63  155  217  249
1404  144
3351  66
1422  17
3511  65  129  181  182
1573  0  1  6  23  32  53  93  145  176  188  243
2658  123  128
19  29  34  142  219
2301  32  53  57
2852  2  19  23  28  31  43  59  97  98  102  105  107  120  137  148  158  160  165  167  177  187  194  199  210  211  216  218  225  233  234  243  248
1718  111
2190  194
1804  138
1177  98  237
1459  63
4240  69
3497  105
3578  82  152
29  145
3776  133
64  1
2818  112
4008  125
3315  249
2625  166
2579  175
1039  86
2857  172
164  223
3975  211
63  23  149  188
1305  0  32  36  242
850  105
730  240
3684  130
2365  193
1059  45
3409  1  5  11  19  30  34  50  71  73  84  92  159  195  198  203
3593  65  95  141  150  188  203  208  229
729  0  1  2  4  5  6  7  8  9  10  12  13  14  15  16  18  19  23  24  25  26  27  28  29  30  31  32  34  35  37  38  39  40  42  43  45  46  47  48  52  53  54  55  56  57  58  60  61  63  66  67  69  70  71  73  74  75  76  80  81  83  84  86  87  88  91  92  93  94  95  97  98  100  103  104  106  109  110  111  112  114  116  118  119  120  122  124  125  126  130  132  133  136  137  138  139  140  142  143  145  148  149  150  152  153  155  157  158  160  164  165  167  170  172  173  176  177  178  179  180  181  182  184  186  187  189  191  192  193  194  195  197  198  204  205  207  209  211  212  213  215  216  217  221  223  225  227  230  231  233  234  236  238  239  244  245  246  249
3510  25  81  161
1885  170
1479  32
1646  43  179
2934  93
2644  115  136  183
366  193
382  23
452  175
3564  134
3972  135
1026  118  134  136  173  222  226
1650  114
2507  6  14  40  46  80  85  101  178  220
4130  67
4168  52  93  101  115  116  125  147  220
2244  0  26  76  242
3349  18  108
4006  13
2711  14  37  45  72
2935  97
1940  8
1597  145
743  11  186
137  101  196  246
4042  42  208
495  12  15  17  24  29  32  67  72  78  88  113  142  153  248
993  248
1579  191
3412  163
2135  223
680
3189  160
2687  95
2827  197
197  128  145  219
2029  52  103  105  177  220
3437  0
337  16  31  78  117  192
1623  223
1288  83  185  222
3106  186  188
2098  21  36  87  89  116  205
132  11
4238  50
3331  151
1546  120  130  182
1092  243
585  118
2323
391  13
2665  49  52  184
3395  6  21  34  44  68  96  108  158  177  205
3037  171
516  175
3340  142  234
4018  187
3261  18  241
227  44
3357  20  24  25  33  66  75  105  151  163  165
2291  91
2844  46  48  61  68  153  156  195
49  13  21  85  86  90  91  109
1831  161
312  68
4113  43
897  110  155
370  193
1312  60
1469  91
3256  221
4170  40  230
3358  13  171
633  242
1255  71  124  206
2428  5  11  49  55  63  81  86  104  111  147  166  196  197  199  204  206  208  211  225  230  248
422  243
963  46
1137  40
1617  203
1719  44
1552  23
4224  23  24  25  33  34  43  50  60  62  64  66  83  86  87  91  95  103  105  111  112  121  138  142  146  155  160  162  164  170  183  187  191  213  217  233  236  248
3018  95
2756
1431  224
2967  243
1799  130
403  210
844  88
2657  60  123  149
1057  47  78  117  218
4070  96
2714  34  46  71  72  93  165
865  87
1293
174  42
1136  9  182  244
4411  55
3609
1253
44  82  125
3816  245
3516  15  32  165
3161  92
4419  20  63  141  181  195  201  232
68  43
346  120
1503  32
2019  169  180
1121  8  10  18  26  29  35  43  47  62  64  66  74  87  100  114  125  133  138  139  143  146  153  155  157  158  176  178  183  192  195  204  219  221  223  224  236  240  247  249
329  239
2933  5  45  54  58  61  65  82  94  101  126  146  154  187  194  206  211
2689  219
737  10
393  134
2318  45
689  201
4000  206
3477  92
1232  118  137  156
200  165
3111  134
650  227
586  45  116
562  67
3702  28
2302  24  60  98  103  106  121  158  189  204  230  235
1659
752  86  92  206
2530  128  189  244  246
645  123
2836  69
2366  28
893  20  54  202
705  182
1005  182
1835  10
2998  164
2701  145  165  247
455  19  121
3697  4  45
1364  188
1418  151
1351  134  206  242
3430  217
1473  49  55  69  76  125  156  166  190  206  208  226
1056  52
237  182
2640  147  154
2912  195
599  140  180  211  239
3361  32  53  57  76  149  226
632  175
3909  135
2395  30  60  215
4079  1  145  153
1061  38  112  131
3216  109
1679  141
109  53
3792  55
2271  240
2922  182
2341  74
1163  174
2667  2
3752  8
3067  199
2038  17
3155  101  111
219  175
175  59  64  109
3255  248
2359  14  71  244
4050  61
1653  117
2386  205
710  198
3995  128
3269  31
580  75  139  206  211
2204  219
1478  227
581  119  161
1888
3773  75
3870  124
2476  0  1  3  6  8  10  13  14  17  27  30  38  46  47  51  56  57  59  64  70  71  76  83  85  87  88  92  95  96  98  100  101  102  107  110  112  113  114  116  123  127  141  148  149  150  154  155  156  162  163  164  173  177  178  179  189  191  197  198  201  204  211  212  213  218  219  223  225  227  228  229  233  240  248
835  236
927
209  1  112
1630
3861  90
2980  142
3110  92  185  245
1606  10  26  35  46  64  83  87  88  110  123  125  127  138  140  142  156  158  206  207  213  237  247  248
3113  242
146  167
4355  244
1889  220
2901  185
1084  82  99  128  145  152  214  238  243
2089  147
498  148
3778  17  74
3985  21  34  57  84  87  93  134  157  184  205  208
3897  70  88
2443  33  38  44  50  66  155  156  181  187  198  201  206  216  225  234  246  249
3553  27  36  49  88  138  140  192  231  236  244  249
1833  204
2766  213
3393  141
2148  161  181
2355  182
4201  35  171
407  4  177
1574  0  1  168
3687  185
1530  182
1190  175
3817  4  7  14  15  17  19  23  34  37  41  45  54  55  60  64  71  79  85  90  100  104  114  122  125  130  131  132  135  146  152  154  158  163  166  171  179  181  182  190  205  212  214  220  222  225  231  233  235  237  244  246
825  174
4331  227
226  203
1785  228
198  207
405  18
3472  136  173  236  249
3513  52
2024  102  107  117  155  170  187  238
2675  200
503  112
2364  71
2720  38  100  154  204
3971  104
1350  210
2782  30  49  52  79  208
2877  211
1689  87
1952  77
3164  126
2953  13
3202  158
472  4  20
2651  34  41  80  87  108  116  144  200  208
217  114
1001  124
1398  198
1862  207
3576  220
1094  124
2068  172
1332  23  148  226
4356  67  124
2532  58
1759  8
1528  174
3233  81
3185  9  39  93
191  51
3374  15  220
4270  14  37  147
2828  129  130  152  185  209  243
4254  79  138  149  191
3013  167
4287  193
4393  182
675  136  242
2093  168
4194  184
3815  68
274  120
373  34
232  50  101
3744  200
1411  88
1313  232
2039  124
3039  100
649  234
1966
3583  77  230
3020  240
2158  184  196
1782  18
2735  211
2326  100  111  122  138  162
3373  80  224
3432  3  4  6  44
2437  34  102  107  115  133  158  163  181  186  225  233
42  103
2372  6  112
1990  178
490  28  154  218
3376  71
2314  0  61  229
2220  16
1743  6  8  8  9  12  13  14  17  17  19  23  26  27  28  30  31  34  42  42  44  49  50  51  55  56  57  60  65  68  72  75  75  78  78  81  84  85  86  86  87  87  89  89  89  94  96  98  104  104  111  111  113  115  115  116  118  119  119  121  121  124  128  131  131  133  134  135  136  137  138  140  141  143  144  147  148  149  154  154  155  159  160  161  163  163  167  169  171  177  178  179  179  181  182  184  188  190  193  195  196  200  206  207  211  213  213  215  217  219  220  224  227  230  231  235  237  240  242  242  244  244  245  247
1865
1905  116  125
254  70
3614  234
4415  14  71  234
1760  78
2706  89
4336  232
2611  56  60  108
2903  67
3220  29
1920  99  152
1812  169
754
336  0  40  45  89  108  198
1526  8  23  41  87  88  89  134  214  222  234
3758  195
4077  151
3031  30  34  36  73  74  93  115  147  174  177  228
3670  188
3104  52
1234  129
1801  183
3244  203
4178  124
2591  7
3970  4  12  22  34  37  85
155  184
1747  130
914  144  161  198  200
3633  88
1918  35
636  58
1282  244
3071  105
2451  25  26  31  32  34  38  43  53  57  74  76  82  94  102  107  109  115  126  147  150  160  162  166  178  179  180  182  187  192  195  197  204  210  217  223  224  244  246  248
4164  191
2368  0
4125  193
1416  3
3485  184  200
3704  220
4353  144
4410  151  205  227
2401  12
4183  49  170
2526  2  30  34  41  44  74  79  89  90  96  99  108  121  142  158  177  190  208  241
31  5  8  18  21  27  30  34  39  41  73  74  79  80  87  89  90  96  108  116  118  132  153  157  158  159  208  214  218  228
1432  23  38  71  179  213  215  237  244  248
1907  69
735  114
1705  127  207  226
3999  90
665  239
3691  197
328  144
2564  217
668  187
3899  151
2016  120
3581  18
1156  60
2984  11  71
2723  10  48  78
2783  9
601  124
3035  3  5  9  27  45  46  54  58  71  72  84  98  108  126  176  186  209  219  234
1998  36  52
4304  68  144
2266  234
3080  175
4120  132
1000  14  28  33  34  37  40  57  59  66  71  72  78  88  114  116  122  123  167  181  207  219  221  225
2310  17
3736  53  221  242
4066  70
3306  212  220
4417  150
946  142
4375  225
2464  213
2745  139
1054  214
2146
3004  143
2231  166
913  149
2203  121
966  144  222
4076  84
1317  203
1110  6  76  111  207
4361
185  163
3944  243
3889  227
3618  13  36  52  93  177
285  2  3  55  96
3834  71
3641  133
1582  97
3380  149
2823  97  121  174  178  240  249
996  73  188
1788  64  177
2431  2  12  13  35  48  77  88  104  109  114  140  165  170  194  195  217  236
2987  167
1670  208
1841  68
1340  158
2855  79
1805  1  2  3  5  7  15  16  20  21  38  40  41  42  44  46  48  53  56  58  61  65  72  74  75  76  78  86  89  95  96  104  108  109  112  115  117  125  126  128  129  149  154  156  166  174  176  190  192  207  219  220  222  233  246
1948  3  7  14
781  235
4063  82  125
3738  75  201
845  131
588  64  188  203  242
3918  71  72  74  84  98  106  117  132  148  159  166  207  219  224
18  5  15
1266  129
1819  85
1648  79  85  101
295  162  185
2630
2542
3046  32
3661  208
2376  1  49  60  78
2740  222
143  55
3421  148
3174  213
662  193  200
1642  5  54  61  71  90  96  167  178  209  217
2550  13  19  27  70  81  86  90  132  157  205  218
2979  183
4226  143
1118  82  243
985  215
998  37
2211  242
1627  24  213
545  110
38  13
2681  227
560  32
3947  131
266  13  79  126  215  217  226
54  87
1793
671  138
726  139  190
3906  58
259  53
2406  18
1768  118
1738  237
962  217
3308  121
3425  20
2272  47
1692  184
2962  14  129
1840  23  237
1919  219  229
653  145
2971  74
2993  210
594  237
2187  67
4189  97
1342  226  232
872  135  172
2562  4
4247  14  20  40  42  45  50  55  57  61  69  77  78  79  81  89  91  92  93  112  123  136  138  145  149  156  168  174  186  195  208  218  219  222  242
3648  194
2466  138
1595  94  231
408  175
2028  163
418  21  27  30  36  41  73  108  116  159  218
1869  36
2116  4  30  41  45
3209  36  52  172  214
3268  228
3416  60
1088  14
2465  17
2149  162
4256  4  23  80  179  239
3464  81  180  236  249
2413  226
4049
2245  99  152  238  243
3791  48  78
1776  88
3880  17  189  206
2189  5  13  25  27  29  34  36  42  58  60  66  77  81  91  95  98  122  127  138  140  149  161  162  170  187  191  197  199  221  235
2420  131
252  39
2292  44  45  100  113  126  150  163  164  165  178  207  213  224  225  227
3943  222
324  215
524  35
1935  168
1205  172  245
3931  72  209  220
786  137
1041  228
4138  80  124
1843  11  25  33  61  63  70  83  95  97  100  107  127  130  133  146  150  162  163  164  170  173  180  187  216  217  225  241  244  246  249
130  86
1371  88
1586  124
4062  210
1357  88
2620  196  237
1567  175  245
51  74
2263  91
4159  189
2511  123
3383  171
1223  6
843  28  41  46  72  81  101  132  147  174  222
1359  215
1537  84
1484  228
4005  175
2447  199
3117  11  14  42  56  80
2400  2  15  22  27  120
372
1989  123
1458  114
204  158
3414  22  42  108
440  76
196  124
1314  111
899  149
1231  231
3546  175
57  206
2834  120
3008  15  127  139  172
3424  109  196
515  205
1698  122  182
2508  0  1  2  3  4  5  6  7  8  9  10  11  12  13  14  15  16  17  18  19  20  21  22  23  24  25  26  27  28  30  31  32  34  35  36  37  38  40  41  42  43  44  45  46  47  48  49  50  51  52  53  54  55  56  57  60  61  62  63  65  66  67  68  69  70  71  72  73  74  75  76  77  78  79  80  81  82  83  84  86  87  88  89  90  92  93  94  95  96  97  98  99  100  101  102  103  104  107  108  109  110  112  113  114  115  116  118  122  125  126  127  128  129  130  131  132  133  136  137  138  139  141  142  145  146  147  148  149  150  151  152  153  154  155  156  157  159  160  161  162  163  164  166  168  170  171  174  176  177  178  179  180  181  183  184  185  186  187  188  190  191  192  194  195  196  198  199  201  202  203  204  206  207  208  209  210  211  214  216  217  219  220  221  222  223  224  225  226  228  229  230  231  233  235  237  238  239  241  242  247  249
3494  75  90  94  154  163  209  235
1123  189
4108  1  16  60
4090
3562  216
3877  0  3  4  11  21  27  30  36  39  61  77  80  85  90  94  96  98  100  136  148  149  177  214  218  224  235
4179  153  154  211  230
3040  72  169  173
762  79  80  91  94  201  235
2288
317  236
3062  108
3214  200
432  4  14  24  26  33  34  61  122  148  158  170  184  218  236  239
1335  112
2917  141  175
3237  115
840  70
2433  10
2718  123
2803  19  21  50  147
912  109
2938  36  83
3093  43  210
1497  184  185  222  242
3180  214
3091  223
3478  74
135  7  15  73  108  135  177
3346  7  11  25  28  36  38  42  46  49  51  52  55  56  68  69  70  73  74  77  80  81  84  86  94  98  103  104  125  126  129  138  140  146  148  150  156  157  159  163  166  178  181  189  201  203  204  218  219  237  240  242  247  248
3305  12  49
3411  36
3669  138
2700  203
1400  230
1271  223
3683  172
1192  10  16  19  20  26  39  51  52  83  94  98  100  118  130  133  146  149  156  157  170  176  178  180  183  213  214  217  226  229  232  236  245
4265  85
2725  116
3052  54  113
2184  194
2408  167
3294  8  126  156  163
3934
3599  168
414  110
3676  100
1009  243
1688  162
4084  165  206  207
1641  86  169
1716  248
2160  33
1236  68
4358  149
1193  25  231  237
3375  92
2887  78
4342  108
299  24  113
3245  119  163
61  128
2729  185
1722  110
1507  3  79
2888  55
161  223
3179  152
1736  161
3025  245
3746  168
2185  13
684  230
105  41  204
3084  221
3716  42  48  77  202
2030  71
741  152
2224  219
973  139
1471  142
609  152
3930  2  7  15  19  24  27  28  30  34  42  54  59  69  81  90  98  104  108  116  130  132  145  149  165  177  186  190  198  208  209
1445  70  209
1270  49  123  143
614  208
2637  137
1601  0  4  7  8  9  13  16  73  208
3798  203
3074  135
3796  115  117  126  181  233  235  238
1614  189
3644  29  31  43  63  97  142  155  160  187  194  210  227  249
2609  35  112
2551  63  218
1414  133  135  196  213  235
1720  50  58  111
1592
2920  8  87  88
4401  84
2499  169
2008  113
2380  200
3586  229
46  182
3433  41
2950  0  12  34  39  57  73  77  80  89  90  108  119  158  159  183  248
242  8  9  17  37  62  79  108
3168  102  107  180
2167  32  51  53  141  172  188
2410  7  10  95  102  123  133  170  191  213  221  248  249
2883  34  122
1686  159
3076  1
2999  215
447  4  24
1824  10
2109  1  3  10  11  12  20  21  24  25  27  30  31  33  35  37  38  44  47  62  67  70  76  78  83  85  86  87  95  97
33  15  25  40  65  75  85  96  233
992  193
536  110  151
631  18
3927  192
390  196  199
1635  219
2403  213
2492  7  46  219
1186  24  25  151  152  245
3471  118
3116  226
1392  175
2378  71  127
368  110
1506  12
2031  221
3121  198
1847  107
1647  1  25  28  31  38  49  51  61  64  100  105  123  128  196
1808  9
2695  190
4251  39  65  153  196  201  222
678  172  229
251  49  60  235
3935  56  80
2516  8
2498  58  226
4292  105  135
612  105  132
1210  224
4300  31
2173  246
3282  207
1099  9  11  12  32  37  45  46  53  57  159  186
72  191
4348  247
3793  22  55  112
1991  102
2217  6  7  39  76  92  96  98  129  139  147  148  186  235
3235  191
4154  144
2502  27  38  46  60  68  78  135  173  211
3147  199
1657  22  91
988  95
1247
3616  80
625  230
1220  124
3225  23  74  116
904  231
4422  175
4059  239
2023  82  99  145  152  238
1557  1  21  59  136  177
1216  1
745  37  118
1563  17
703  99
1818  9  21  208
3579  3  77
4081  14
2622  16  41
1081  201
3924  240
2854  131  134  180  223  225
869  168
2515  4  16
957  97  223  232
2928  4  108  241
1217  242
2174  138
2736  27  128  155  172
628  136
70  87  142  216  234  244
778  35  157  184
289  222
2052  43
2748  178
2238  147
80  210
389  10  56  130  146  178  189
1638  104
3427  176
3894  14  119  186  237
2183  129
4351  48  91
2672  232
3636  212
208  76  161
3162  33
3242  222
3045  2  73  121
3204  23  63  106  129  145  153  184  225  234
361  167
1923  183
3818  4  12  76  163  166
2627  29  109  121  143  145  171
1180  67
941  40  55  68  147  159  162  172  176  185  192  196  206  226  235  244
1770  30  92
960  32
3809  7  15  22  32  49  50  53  57  59  85  90  103  129  132  153  158  190  201  213  218
3359  2  39  221
693  182
2521  141
4295  119
2760  249
930  140  249
216  74
1483  74
2059  6
1488  19  23  40  42  46  48  49  50  56  60  70  72  73  76  77  80  85  86  89  92  94  96  111  112  116  129  131  132  136  138  149  152  153  154  159  165  181  186  190  191  195  199  202  203  207  208  209  214  215  224  229  233  235  238  243  245  247
1797  67
1352  6  18  26  31  32  33  36  38  39  43  56  63  64  66  67  70  75  76  85  95  97  100  101  102  105  107  109  110  111  112  113  114  119  123  124  133  134  138  143  144  145  148  150  151  152  155  162  164  168  169  171  173  174  178  180  181  183  186  187  192  193  194  196  200  204  206  207  216  220  230  236  237  245  249
2807  7  11  15  61  67  70  91  151  156  168  181  195  203  214  226  228  232  242
3760  16
742  168
3871  152  238
4363  1
1866  123  211
1644  207
3550  125
2191  198
451  82
1446  140
2156  208
4198  136
2596  0  5  48  81  235
3949  26
350  111
2845  29  43  180
2983  28  105  119  162  164  165  211
2195  51
1424  72  122
341  44  135
1694  9  36
3712  137
4386  52  73  208
3288  8
2477  87  231
1491  52
56  162  244
3428  229
3952  88
4058  6
1892  61
3993  123  127
2363
740  24  27  40  49  54  61  72  90  98  102  107  113  126  140  148  165  166  177  180  194  200  218  224  230  240
3489  1
1974  186
942  161
3872  154
3449  193
3504  5
824  168
2549  2  8
697  141
3342  164
2152  105
4112  123
386  124
3005  157
3672  62
4020  151
3473  171
2486  91
4152  108  159  208
3355  154
3029  12
1682  2  6  11  19  20  41  46  51  68  72  84  167  169
677  65
1330  64
1453  146  156
1664
1033  207  238
841  58  91  111  207
834  2  3  14  166  176  190  203
2073  9
2536  39  199
1021
3405  153
1634  178
3378  37
4367  84  214
3948  151
3539  60  113  163  207
2490  215
3611  170
2462  46  68
826  232
3915  228
2785  169
797  206
2799  68  120  241
263  182
2690  35  105  113  119  157  237
1704  204
2474  213
1242  182
4010
2494  30
1456  219
3652  229
3068  102  110
3898  4  6  7  16  19  36  39  42  62  108  120  121  123  135  205  218
2233  229
3445  58
2871  109
4285  50  152
660  106
2090  193
3131  145
1651  247
2485  236
2260  35
3217  96
1525  31  63  95  162  193  249
1319  23  131  152
4199  63
708  80  82  104  128  129  145
2482  114
2653  216
3732  43
4359  37
434  24
1380  35  157
4141  148
3240  109
3517  141
203  226
2047  131  238
270  130
896  47
3009  99
1739  242
830  1  5  85  103  153
974  188
3560
1709  249
1857  83  167  179
622  38  82  85  128  153  188
2539  138  183
2110  21  36  72  88  93  134  196  232
3663  50
1117  110  140
1902  219
2267  39  41  50  196  220
3410  82
1901  151
1315  88
4011  113  129
1022  51
1339  143
3087  62  79  131
4246  13
3860  50  145  156  177
1107  212
1015  21  73  90  137
2780  33
4388  154
2812  246
1513  137
188  29  33
5  10  12  17  25  31  43  44  47  55  59  60  63  64  66  84  97  98  100  102  113  117  121  143  148  153  155  160  170  171  176  180  187  191  207  211  216  223  241  249
2964  153
2959  133
2079  182
4349  10  14  34  43  114  122  214  219
3213  106
4310  241
837  101
2778  226
772  90
3645  184  226
4365  141
3756
165  175
86  27  42
1725  114
2568  31  236
527  121  165  245
1810  101  144  226
438  228
571  93
4094  19  84  89  108  116  119  218  224
115  152
1492  87
1306  88
3953  27  100  115  124  134  231  247
429  20  167
1723  16  123  178
1018  39
1149  118
3267  14  48  77  78  156  165  195  203  204  219
3258  5
2295  115  172
721  183
3887  17  76  206
3145  40  119
2829  200
3367  156
2377  19
548  36
575  171
3231  7  204
1285  184
2435  70  233
1101
1003  242
1113  151
1780  202
1564  20  164
2642  34
1393  249
2893  141
724  145
3725  198
3276  2  3  5  7  8  25  26  29  38  44  48  54  56  60  64  66  69  70  74  75  76  78  79  85  109  113  117  123  124  126  130  131  136  142  148  149  155  158  170  173  179  189  191  192  194  199  202  211  213  215  216  225  227  237  248
775  27  52  55  60  71  76  92  101  190
2441  61  112  203  206  233
1230  1  20  21  25  27  28  30  32  38  40  41  42  44  48  51  53  55  59  60  61  64  68  70  72  73  75  78  80  81  84  90  91  92  94  95  98  100  101  103  105  106  109  111  112  113  117  119  122  126  128  129  131  133  136  138  139  141  147  148  149  150  152  156  161  163  165  166  176  177  179  181  185  188  189  190  195  196  198  199  201  202  203  204  206  209  211  215  218  220  222  224  225  226  228  229  231  232  233  234  235  244  246  247
3325  15  118  183  187
1632  131
876  161
1859  114
1494  137
3651  0  7  215
1813  3  45  61  68  98
1807  5
3251  48
3345  124
1496  70
2312  131
2114  104  182
1420  200
1967  164
1148  13
606  31  83  103  187  210
3044  78  89  139  199  218  238
2252  167
967  2  45
4035  133
3863
3737  21  226
2965  70  85
794  10  18  72  130  204
1764  212
4057  83
759  54  111  230
1245  159
3910  13
3865  183  223
2811  16  47  171  198  222  229
4366  171
3729  74  150  231
2303  188
530
916  15  30  36  75  231  233
4175  20
3503  182
1030  220
1452  205
3363  1  40  55  70  139  165  174  185
3454  213
602  180
470  175
3939
2514  43
3135  249
1381  147
3474  27  28  105  109  140  235
1570  118
1534  75
60  21  25  40  44  46  49  51  54  55  59  65  68  69  72  75  92  95  104  112  115  123  141  143  146  147  148  149  150  161  169  170  172  174  181  195  197  199  206  215  219  225  227  229  231  234  239  248
3989  241
1189  161
3881  249
2826
2981  163  175  191
990
150
123  47
3723  9
870  142  155
858  249
272  48
3127  17
907  46  75  225
656  202
1334  227
1707  45  46  60  108  139
3976  5  12  14  19  30  54  55  65  86  106  112  122  148  161  231  233
3847  75
3132  26  28  50  78  184  201
2914  90
517  123
874  173
4047  26
1607  67
2733  68  205
2876  69  153
2518  105
1036  223
2898  132
3466  176
889  90  132  136  202  209  215
462  140
2467  246
3434  78  163  199
1838  140
4319  225
3156  117  187
861  75
2078  138
2113  124
1218  53  71  213
3404  12  76  86  108  229
832  72
3528  167
3097  150
1696  56  132
2868  107
493  229
195  53
2916  82  118  237
683  14  30
91  173
2696  222
1956  229
1959  171
1672  86  150  204  233
314  85
2346  175
4195  194
3942  29
783  168  209
3534  192
789  201
2176  151
3726  34
2193  195
3569  20
193  223
400  84  110  160
2573  85
3994  171
1640  17
4157  180
1356  98  138  238
4379  54  150
3913  113
2175  91  144  172  209
3754  239
638  82
1373
3333  211  224
1238  125  237
4093  21  23  27  35  44  57  72  87  89  96  99  116  158  172  177
456  99  197
1727  142
2257  202
1268  40
813  166
1685  77  143
1789  148
1439  102
1562  4  6  21  23  24  37  64  65  66  77  80  82  90  120  139  228
715  209
2945  132  199  224
365  129  141
1045  234
1065  32  57
1518  9  99
1578  209
3406  16  44  66  76  119  121  185  189  217  230  232  238  241
3529  49  57  80  101  168
3167  81  101  105
3011  218
2281  126
3743  152  243
1861  151  230
3523  58
156  21  73  193
3043
2491  22
3144  102
3626  99
1378  67  238
4237  32
676  29
2212  208
3103  85
2374  28
919  175
539  55  74  97  163  167  230
2802  40
3304  87
4299  151
2379  164
1521  15  245
1374  113
488  33  37  64  85  107  170  178  179  190  218  239
2779  26  72  100  123  170  180  192  216  234  236
4239  71
1160  67
1749  115
2340  141
4122  199
4269  226
2236  95  110  170  230
1934  19
293  53
3273  84  90
1711  88
795  135
770  25  51  165  195  201  215  225
3197  11  193
1937  100
3337  153
3323  46  50  52  71  124  136  145  170  182  202  206  209  212  234
959  81
1554  242
3973  235
2214  31  204
4311  160
1962  157
2616  203
2771  247
4187  243
4298  134
2221  59
2982  7  14  25  28  31  41  43  46  47  48  51  52  53  54  57  59  64  65  72  75  77  78  80  81  86  100  104  109  111  112  117  124  125  128  131  134  135  138  141  153  156  158  162  163  176  180  181  187  190  198  199  202  204  211  213  216  224  225  232  237  240  246  249
1130  43
1763  17
3967  191
1932  161  232  247
494  157
2553  0  1  7  30  44  54  68  69  77  84  111  121  139  214  215
2283  131
4412  191
607  64
1415  23
2548  42  208
4391  1  13  23  25  64  115  122  159  210  216  225  226  238  246
2617  86
3440  224
3554  21  81  89  116
2774  145  231
2624  57  198
4155  58  238  246
2076  24
2225  29
2201  122
2603  19  36  42  132  134  200  245
2418  243
1448  203
4156  134
1438  193
613  137
2014  22  65  115  139  183  241
934  198  200  242
1348  147
2830  31  43  63  66  95  102  103  107  124  126  162  170  180  187  189  210  223  238  240  241
3719  233
4193  135
1111  6  59
496  183
3238  245
4117  137
116  226
2602  7
1987  64  179  191
4326  61  136
3551  37
4345  82
3070  39  54  55  71  89  110  115  134  140  163  166  178  189  220  237  240
2045  5
2500  58
4078  56  104  206
3675  24  59  143  160  182  197
460  229
694  18
3810  33
3047  210
798  175
4182  193
3718  54
1943  143  146  173
2628  69  228
1624  3
1034  227
388  107
1457  58  74  235  238
1730  48  105
1667  63
2538  157
4215  18
1566  79
3448  238
1090  117
1254  103  113  162
2728
4394  88  158  217
283  170
2143  14  20  25  26  38  47  51  52  64  65  74  75  81  85  95  101  102  104  107  115  117  118  120  125  135  136  137  141  142  146  147  153  157  160  163  173  179  185  194  216  217  224  229  230  233  240  246  249
551  73  243
3571  205
3666  118  242
3520  18  29  43  125  155  167  170  178
3715  172
1025  76
1654  65  111
2808  141
3782  17  33  49  60  70  84  107  140  189  215
4364  84
1267  79  91
1504  41  50  51  53  118  119  123  181  198  222  238  245
1603  163
4184  182
3602  17  205
53
4136  1  241
939  96
2671  47  76  78  240
3803  147
4352  0  1  4  5  6  15  16  19  42  44  45  46  48  52  61  65  68  69  78  81  89  90  92  96  103  105  108  154  165  177  185  190  214  235
2654  20  82  99  128  152  197  202  203  214  238  242  243
4271  182
2122  3
2438  37
853  202
3134  195
1441  53
4140  114
2251
1127  53  200
3003  121
3786  73  99  152  186  214  219  243
817  35
2512  150
3230  67  124  162
3001  46  58  75  83  123
167  228
3844  241
4053  175
688  82
1472  0  1  2  3  4  5  6  7  9  11  12  16  22  24  30  37  42  45  77  90  92  93  116  121  191  233
1951  203
1324  167
3895  177
965  104  149
1622  176  209
615  43
1754  25
2816  5  80  87  99  108
2307  3  96  109  126  136  149  166  233
354  159
1385  161
1815  83
1825  42
261  50
1188  235
1742  39  44  100  106  111  115  126  156  220
3073  193
1402  25  56  61  98  163  166  168  183  195  197  206  237  246
2543  232
3532  49  141  170  178  194
3885  194
561  136
2394  234
2872  37
785  243
3419  5
2716  197
4384  60  237
2643  31
1243  227
1668  135
1388  112
1910  147  226
3260
1519  110  197
2001  99
1103  102
4111
2282  216
2442  117
3912  26  61  105
2919  9  11  120
2905  238
303  74  93
4400  58
4263  173
2223  139  192
55  181
3519  249
3356  65  73  94  96  104  106  247
1594  245
3824  165
419  171  189  209  237
40  26  46  56  65  77  153  154  165  181  187  195  210
2612  176  197
309  224
3136  154
948  95  133
643
618  29
3182  8  205
1600  136
3250  18
1122  6  22  37  39  90  99
2331  226  242
2702  17  135
528  91
2924  95
4418  115
2821  100  192  246
264  222
951  60
268  213
3518  189  209
3892  37  47  162
1442  86
523  54  68
2566  244
3173  88
1619  166
4372  105  180  211
1871  172
2742
2130  20  32  215
178  232
313  218
3353
4217  53  73  81  153  159  181  185  214  242  247
1058  110
85  224
110  116  245
1227  2  5  7  14  22  32  43  49  51  52  53  56  57  60  65  77  90  96  104  108  123  125  130  132  152  156  172  184  190  195  196  209  220  222  226  228  231  232  233  237
3188  116
2985  150  172  225
206  21
1055  81
1168  215
4405  19
3901  21  106
2759  43
1925  219
244  238
4163  128
79  135  203  235
1361  76  138
3621  114
2677  206
2168  86
2196  207
377  1  22  85  117  237
725  191
3183  2  11  46  64  65  75  80  84  149  218  224  235
3783  29  110  156  203  247
1310  161
3107  193
553  172
3094  65  211  215
2590  181
2961  137
3330  240
2970  22  68  82  126  212  228
1060  126  149
3853  121
2043  89
3753  245
652  59
1032  16
791  30  129
821  153
4279  197
2177  124
3060  18  239
2155  186
2058  190
799  237
2345  86  215
3159  18
3082  87
3493  44  71  199
1970  0  3  16  26  28  42  48  58  64  81  94  96  102  107  117  119  124  126  130  160  180  189  224
2810  175
1983  67
4041  0  81  93
3354  48  60  83  97  100  110  164  167  170  173  183  195  197  209  216  223  227  236  240
4211  8  24  52  79  87  125  138  179  213  217  245  248
2351  0  7  9  16  62  68  73  93  158
3338  236
801  47  211
4065  67
4135  222
4350  20
1027  143
879  5  20  65  66  76  79  104  109  118  126  159  163  164  170  173  197  201  202  227  246
3292  0  6  16  30  50  55  58  72  92  119  122  153  159  218
2634  217
3963  18
2483  244
736  128  199
769  86
3146  84
280  192
2381  228  232
2765  36  53  57  134  144  200  203  234
1976  151
4173  0  2  4  9  13  73
506  34  49  190
827  245
3290  200
2178  105
2219  9  22  24  26  63  94  113  234  248
1135  6
3206  249
1609  130
3234  107
1996  97  112  151
3856  18
1353  33  47  49  97  125  148  154  170  216  227
3227  6  222
2299  137
1558  63  244
4219  19
2614  7
1708  185
1498  68
2606  154
3086  9
1772  45
89  73
2747
1450  152
489  82  99  145  152  219  243
2936  17  20  46  47  51  64  68  75  76  77  80  95  99  106  107  148  176  185  203  204  212
956  9  66  110  240
538  22  59
1258  241
2258  241
1941  95
3635  143
